1707
6970
15081
16684
22090
25106
31526
33575
34494
36370
37640
41852
43393
46255
49007
57343
61016
62543
62911
65260
67074
69489
70746
71912
82482
83409
84170
96254
97473
101003
101661
103135
103431
104085
104524
106968
108576
109005
113278
115004
118091
124608
126226
130521
130844
136491
143647
145569
146713
147330
149250
159531
160187
160638
164362
164893
167921
170042
172806
173178
179687
179867
181783
182421
187480
189379
194096
198241
198242
198350
200809
204573
212501
217215
218096
218109
218702
221758
228896
230764
230877
232623
235984
237836
239354
251894
256595
257625
260427
261884
267185
268140
268414
272478
272627
274263
275962
285821
288584
291075
292284
294251
298240
298432
298784
300858
301795
302837
304178
309665
310816
311849
313452
317019
317571
318312
318997
320769
324530
330199
330272
332004
332551
334407
336614
336977
339544
340533
340636
343072
343556
344250
345532
345762
351474
351801
360388
365064
367668
368137
368678
370337
372188
373451
374462
376115
381810
381965
387837
390124
390210
392424
393743
399992
402435
402675
408377
410488
411082
412251
414261
420280
425660
426348
432672
433017
433282
433992
434490
435008
438435
461628
462798
463299
466168
467448
469245
469875
470314
472151
474282
474514
475167
481024
482096
487625
487815
489244
490884
491761
495818
498561
498726
500161
501385
506092
507944
512595
515986
518627
520756
522070
525919
528132
530048
536689
537346
539889
543970
544244
544658
545347
546448
548695
548961
549782
550342
551691
552276
553446
556283
559404
565250
568159
570691
571041
572348
573794
576133
581975
583406
585274
589747
590760
593887
595187
596729
597246
600596
601252
602808
603331
605975
609891
610124
611587
611914
614166
617909
619225
619986
625857
626393
629451
635325
637867
643281
643395
644457
645455
645722
646684
648972
652025
652039
652156
652670
653275
657821
663309
663509
666994
668498
672449
673299
673818
675569
676526
677551
680536
684347
684470
691283
691626
695202
698785
702880
703729
708533
709236
709639
710704
710982
711403
713992
720525
724685
729002
729216
736692
737078
737425
754122
755242
757295
758829
759238
760673
763296
763741
764325
765130
766693
767521
769276
770066
770589
771835
774304
778995
779486
779791
781335
782582
787197
793608
794178
796638
802618
804654
805102
807727
809797
812276
812870
816702
818056
823173
825363
825882
825929
827150
827200
830753
834118
835592
836431
837184
841434
846773
847708
848212
848907
857307
860521
864546
876578
879265
883524
885565
887250
894553
897080
897314
897933
897974
898130
898343
898449
900303
901187
908871
910409
912476
913637
913729
915098
916973
917860
921873
927345
927736
928695
928832
930389
937030
938692
939287
942142
943032
943574
943684
946639
946742
954019
956747
957435
966853
967310
971686
973773
975344
975566
979724
981367
982422
989195
994965
996145
998315
1002704
1004773
1008243
1011826
1011942
1013997
1015638
1023223
1032664
1032941
1033415
1035862
1038554
1043182
1049160
1051377
1051573
1051726
1052358
1052632
1053611
1058525
1067764
1070879
1072721
1076676
1076895
1077136
1077231
1080428
1083453
1084110
1087400
1092868
1099611
1100987
1102892
1104577
1105961
1107711
1113132
1113327
1113813
1114853
1116091
1116577
1117397
1118926
1119685
1121700
1123378
1123379
1124583
1124886
1125721
1136841
1138497
1138909
1140357
1140641
1144239
1147500
1154521
1155070
1155370
1158074
1159961
1164629
1164851
1165207
1166038
1166120
1169256
1170091
1170542
1172063
1180727
1184029
1185654
1186314
1189753
1193866
1194271
1194861
1201288
1204222
1207368
1208647
1209292
1214870
1227136
1228206
1232294
1232842
1238223
1238334
1239106
1239127
1239320
1240834
1242150
1242958
1244552
1245226
1249849
1252603
1253447
1259431
1260113
1263023
1265543
1267632
1268670
1269184
1269470
1271655
1272662
1275554
1275823
1276018
1279767
1280066
1281545
1283122
1283126
1286091
1289423
1293323
1295766
1298389
1300596
1300786
1302371
1302471
1303582
1304722
1309408
1309552
1313856
1317615
1317853
1328229
1328973
1331651
1332088
1338732
1341992
1343860
1345252
1346153
1347950
1356162
1362814
1363172
1364136
1365082
1365654
1371458
1382307
1386500
1386723
1386895
1387096
1387377
1387837
1393842
1393898
1395109
1396109
1396688
1399089
1404247
1406760
1408180
1408285
1408574
1409361
1411302
1411928
1412225
1419080
1419708
1421879
1446742
1447408
1448750
1449525
1451890
1467162
1469994
1470324
1471925
1474778
1475130
1482775
1491522
1496197
1497487
1498758
1499054
1500892
1501130
1501524
1504042
1507403
1507936
1514858
1521180
1522229
1528525
1530772
1531589
1533343
1541955
1542420
1543731
1546867
1548408
1549067
1550732
1556898
1568567
1573250
1576805
1580439
1580747
1590301
1590846
1591669
1602783
1608143
1610254
1611666
1613116
1614022
1620378
1622707
1641746
1644939
1648790
1650899
1658343
1660702
1662975
1665056
1665938
1666507
1669574
1669647
1672587
1672716
1674976
1675840
1683938
1687633
1690529
1692230
1698674
1702374
1706143
1706756
1715061
1721500
1725970
1733749
1734917
1736300
1743615
1744059
1744090
1745244
1745603
1746096
1748307
1748731
1757320
1758961
1759445
1760815
1762133
1766461
1767252
1768330
1777546
1780035
1783148
1786158
1793956
1800057
1803573
1809531
1810324
1814642
1815356
1815851
1819017
1824672
1827358
1827538
1828225
1835458
1841060
1841830
1846548
1847604
1867153
1872053
1879029
1881616
1883636
1884460
1885823
1890787
1900209
1900278
1900508
1901672
1901982
1904960
1906425
1916284
1919750
1921676
1923231
1924937
1926661
1927632
1929997
1931012
1938291
1941897
1942508
1947485
1951070
1953480
1961645
1966072
1979826
1981381
1991817
1993147
2003639
2003724
2008333
2010141
2018683
2020923
2021384
2021439
2021975
2023440
2023703
2026999
2029541
2035467
2045251
2046287
2053669
2055404
2056188
2059812
2060084
2061646
2061659
2068763
2068796
2070027
2070637
2073099
2088066
2088647
2092732
2099033
2100923
2102274
2104558
2108688
2112366
2116792
2127809
2128708
2135857
2136232
2137941
2138712
2140613
2141165
2143536
2149189
2150499
2150671
2151223
2151708
2157731
2160765
2161089
2165064
2166896
2166967
2175249
2175467
2176879
2178224
2179933
2186996
2188558
2188769
2191239
2193577
2194842
2195488
2195691
2196958
2199390
2201300
2201957
2202133
2202748
2204717
2205381
2205731
2208962
2212578
2213211
2219444
2222796
2225694
2225848
2228368
2229149
2229151
2234491
2234842
2239949
2243750
2246114
2249740
2250296
2250895
2253667
2258994
2260863
2262585
2264785
2265182
2269305
2275198
2286434
2287674
2290228
2292840
2292993
2297561
2298535
2298848
2298995
2299152
2304945
2310094
2312451
2320815
2320817
2321766
2321943
2323001
2323355
2323586
2326562
2330049
2333235
2334115
2336731
2337543
2345919
2346994
2348304
2350487
2351440
2355192
2355334
2357340
2360269
2360795
2366022
2366781
2369508
2371799
2376021
2376266
2378101
2379513
2379605
2382082
2391360
2391438
2396131
2400366
2401998
2404778
2404977
2406017
2407019
2411373
2412223
2412803
2413858
2416577
2416955
2417696
2419001
2419746
2422553
2425906
2427746
2428353
2430178
2430736
2436143
2440247
2441125
2441793
2442502
2448717
2451428
2455758
2458093
2458388
2464122
2467397
2469991
2479151
2479424
2481195
2481251
2481296
2484054
2485260
2487489
2488224
2488232
2489409
2498247
2503839
2504674
2506853
2511253
2514070
2515211
2518610
2523558
2524151
2526220
2530022
2535524
2536068
2538473
2539221
2539357
2542947
2548214
2550430
2555083
2556239
2558664
2560748
2561799
2562604
2563100
2564632
2573680
2573872
2574368
2575880
2577924
2579306
2579459
2580252
2581810
2581998
2583234
2585513
2585921
2586728
2597917
2598039
2598272
2600586
2601288
2607023
2611585
2612523
2616967
2621093
2621281
2624561
2626600
2628102
2630626
2631948
2632682
2634445
2637442
2642638
2643547
2645573
2646155
2652061
2654578
2655758
2656124
2669190
2675007
2675569
2678439
2682416
2683850
2685530
2688220
2690661
2692441
2692927
2694382
2708543
2710335
2711113
2720373
2729288
2731335
2733428
2734852
2737678
2748172
2749237
2753669
2755712
2758707
2758805
2759426
2766901
2769310
2772504
2775311
2775401
2779647
2782752
2784045
2787614
2789593
2799821
2806288
2808139
2808244
2808343
2812130
2812492
2823015
2823044
2826891
2827220
2838969
2844859
2848635
2854392
2854654
2854685
2856922
2856958
2862801
2862866
2863111
2864929
2866303
2866418
2866488
2872873
2878087
2883573
2885339
2888675
2891224
2891476
2891918
2893182
2895228
2895539
2897104
2899705
2903927
2914965
2916872
2917059
2917297
2919900
2932833
2933228
2934894
2935315
2937199
2937922
2940577
2942081
2942124
2943515
2950507
2951613
2952611
2952758
2954160
2958495
2958671
2960461
2960637
2962612
2964719
2971869
2977881
2986164
2987121
2991072
2991720
2992410
2993598
2993620
2998710
3000780
3003416
3003499
3006315
3009043
3010024
3013810
3014453
3014877
3019174
3020458
3020966
3023317
3028544
3028733
3029670
3029944
3030690
3030905
3033363
3034626
3035103
3036388
3036467
3040326
3051120
3051385
3057587
3058079
3061351
3065331
3068699
3069457
3072212
3072270
3073291
3073383
3073393
3075437
3086484
3087843
3088105
3093742
3101536
3103941
3106478
3110001
3110944
3114635
3117681
3118261
3121040
3122929
3123673
3124423
3124920
3126888
3129146
3130277
3130691
3130744
3136942
3137057
3142304
3142681
3142765
3144125
3149108
3152599
3153476
3159159
3159739
3161220
3161479
3168465
3169157
3170716
3172027
3174487
3174514
3174782
3178795
3182516
3184326
3185055
3186258
3189032
3190821
3192145
3193031
3195736
3198263
3198540
3199622
3201915
3205236
3209716
3212163
3213698
3217211
3218039
3222438
3223296
3226718
3226914
3230360
3234701
3239172
3240818
3242683
3243958
3249890
3250406
3250532
3252408
3256215
3259519
3259952
3260963
3261632
3266232
3268682
3271260
3273147
3274267
3274530
3274923
3278200
3279004
3284872
3289766
3290138
3290275
3292712
3292755
3298823
3301986
3305487
3306868
3307678
3310901
3311696
3311847
3315583
3321505
3323812
3324270
3328988
3329949
3330728
3332714
3335953
3338252
3338743
3339331
3341292
3343983
3345868
3347600
3358071
3358223
3361906
3367013
3368727
3381057
3381738
3384081
3385607
3386424
3390795
3390961
3393025
3393794
3395117
3399105
3400900
3402317
3406723
3412675
3416127
3420251
3420657
3423336
3423482
3431853
3432393
3434630
3435551
3435797
3436000
3437588
3438512
3439215
3441541
3444461
3447472
3448531
3450662
3451767
3453610
3454007
3454423
3459148
3462131
3462993
3465179
3467853
3468297
3471597
3473902
3476235
3478109
3483538
3488188
3496490
3500710
3501800
3501832
3502072
3505766
3506167
3508278
3508420
3511466
3515174
3515625
3517036
3520980
3524433
3528471
3530576
3531138
3532906
3535102
3537170
3540357
3541892
3542099
3543090
3544124
3550705
3551724
3556025
3558958
3560858
3561392
3562189
3562792
3567756
3578336
3583677
3584337
3584432
3588137
3590080
3591176
3595632
3607005
3610978
3612233
3615096
3616314
3618409
3618420
3618988
3622244
3622275
3622844
3630715
3638413
3639421
3639925
3640023
3643779
3644093
3653092
3653669
3655968
3657423
3659083
3661404
3664100
3667346
3670534
3672145
3672589
3676362
3679329
3680631
3680721
3681586
3684840
3690744
3691513
3697403
3703733
3704167
3704725
3705454
3707525
3710952
3715451
3723958
3728797
3729962
3730020
3732450
3732745
3735645
3736731
3738601
3739000
3739253
3745197
3746344
3747538
3748919
3751043
3752109
3753386
3756618
3757187
3759578
3759858
3760384
3761479
3763851
3768576
3770864
3771214
3774163
3775837
3778667
3781920
3791418
3792024
3793284
3793423
3793473
3798735
3800721
3801991
3802975
3812192
3812237
3812714
3814730
3819125
3825889
3828120
3831324
3832913
3834919
3844090
3844344
3845936
3846495
3849093
3856604
3864975
3866005
3869231
3869790
3870108
3877519
3878882
3881383
3886338
3887144
3887347
3887672
3888338
3888634
3893291
3896235
3900034
3900172
3901812
3901864
3905475
3907983
3908502
3909030
3909710
3912541
3913480
3914091
3914303
3918479
3922346
3923383
3925079
3926184
3929552
3932242
3933969
3936528
3938019
3938465
3938558
3939694
3940442
3941445
3946312
3950154
3952501
3954126
3960965
3961416
3961723
3962879
3967671
3969547
3970209
3972491
3981747
3981933
3982129
3982482
3983058
3983886
3985164
3985480
3985901
3988975
3989163
3993528
3993727
3996281
3997253
4003021
4007597
4011309
4012346
4015799
4017081
4017544
4021614
4023337
4025656
4027669
4028374
4031349
4033064
4034853
4035970
4036285
4036592
4038149
4050788
4054361
4056815
4059503
4059633
4061545
4064686
4065167
4069811
4069962
4080797
4082241
4088445
4091434
4094632
4097993
4100655
4101783
4107367
4107807
4112451
4113397
4116096
4117368
4117688
4122391
4122678
4123137
4128270
4130716
4132917
4135040
4135168
4135833
4136933
4141493
4142739
4143805
4144949
4147092
4150001
4152527
4157571
4159399
4160729
4162215
4167133
4167507
4170189
4172044
4172103
4173036
4173275
4173885
4174427
4177158
4178960
4182715
4183197
4184353
4185066
4189064
4194813
4199514
4199706
4200252
4200431
4206250
4206456
4213833
4214225
4214954
4221901
4230325
4230825
4233279
4234546
4235076
4235122
4236131
4236293
4239222
4241868
4243803
4251633
4253925
4257748
4259158
4259626
4259985
4262637
4262993
4266108
4266679
4268725
4269046
4269906
4270598
4273448
4274378
4275075
4283832
4288623
4292614
4298909
4303145
4303746
4304685
4306324
4307648
4314156
4316359
4319887
4323016
4325422
4325825
4334902
4336442
4337866
4338435
4342019
4344226
4345991
4351597
4358040
4365642
4374646
4374803
4375120
4375422
4378479
4380328
4395134
4396582
4405991
4409608
4409858
4412436
4418239
4425445
4429213
4435496
4435941
4436399
4438497
4440025
4443342
4443965
4450033
4451454
4454881
4459327
4460169
4460785
4462213
4463226
4466538
4478898
4479588
4480528
4484464
4486531
4486605
4487508
4488971
4490260
4490602
4497758
4497902
4501430
4511286
4514776
4518305
4520209
4524503
4528592
4531476
4532169
4533915
4537487
4537850
4540295
4540435
4542109
4542519
4549061
4549781
4553820
4558584
4558833
4559214
4565438
4567238
4568526
4570037
4574123
4576918
4577121
4577374
4577419
4580015
4580786
4584727
4585907
4600015
4600098
4604307
4606078
4608627
4609503
4609535
4611391
4612599
4612708
4614939
4617103
4617648
4621778
4622774
4623524
4624226
4630521
4633876
4633888
4635476
4641962
4646316
4651832
4652247
4653418
4655912
4657974
4664450
4665400
4668752
4669943
4673524
4675034
4676054
4676927
4679350
4680935
4682780
4684135
4684370
4684964
4686598
4688918
4692236
4692378
4693410
4697248
4698180
4701220
4703783
4704202
4705487
4709757
4714607
4715764
4717459
4718392
4720029
4721857
4722771
4727273
4728702
4731510
4734096
4734709
4734844
4736661
4746160
4748275
4751347
4753215
4755012
4755525
4759668
4763941
4765554
4766435
4771455
4783787
4785665
4791260
4796116
4810782
4811320
4813058
4817391
4822868
4825381
4831172
4835287
4835825
4840505
4843933
4848077
4849543
4849564
4852824
4853054
4853756
4856158
4857227
4858619
4858953
4859164
4859543
4859593
4866379
4871604
4873591
4875121
4876636
4876995
4879907
4879922
4880978
4882413
4883917
4887077
4887716
4887941
4889417
4894127
4895175
4895190
4895334
4896912
4898381
4899806
4902531
4902865
4903810
4906902
4909617
4911830
4913136
4913628
4917121
4919784
4920153
4920878
4921538
4926603
4927064
4927220
4928892
4937800
4939109
4941853
4942520
4945497
4946670
4955090
4956186
4965724
4970818
4971317
4972666
4972873
4976178
4976380
4979949
4980955
4989816
4993923
4995082
4996587
4997044
4999805
5001675
5005311
5005943
5006725
5007365
5009527
5015702
5020225
5023521
5024111
5025388
5029534
5030912
5031541
5032806
5033423
5036904
5039460
5039880
5043343
5044497
5046994
5047126
5047844
5060035
5061707
5062728
5064607
5066068
5067017
5071808
5076270
5077358
5077645
5078192
5078377
5078903
5079645
5080607
5083150
5083727
5088379
5089410
5089932
5090212
5094206
5096348
5097496
5098883
5099571
5100461
5101641
5104657
5106408
5107952
5108153
5111297
5111949
5112066
5113652
5115131
5121708
5122187
5126875
5128014
5137673
5139878
5142043
5144079
5148161
5148475
5149202
5150281
5150827
5153083
5154230
5159184
5159238
5168374
5172658
5172765
5174656
5176948
5178676
5182254
5182999
5184888
5187284
5191725
5192877
5196453
5198643
5198727
5198766
5199546
5203304
5204476
5206042
5208629
5214876
5214997
5223419
5224965
5227556
5229408
5231680
5232925
5233837
5235020
5239456
5241047
5241406
5246711
5246766
5248575
5248856
5249209
5250046
5251378
5251397
5253058
5255870
5259029
5260902
5267189
5270673
5273040
5273875
5277854
5279395
5279793
5281177
5283602
5284457
5286335
5289279
5289600
5293370
5298567
5298863
5299897
5299909
5301908
5309422
5310836
5318135
5322486
5324372
5324709
5329672
5330741
5331160
5334930
5336504
5336630
5338839
5340516
5341023
5341577
5341980
5342106
5342260
5343236
5345724
5352572
5353449
5355582
5358418
5358967
5361442
5362423
5363808
5364281
5365617
5365703
5367576
5367835
5368922
5371159
5372166
5376387
5390343
5391864
5392833
5395538
5396998
5397327
5398135
5398401
5402741
5404441
5409551
5410070
5412560
5413766
5413824
5417170
5420416
5420761
5421993
5423111
5423381
5423456
5431232
5432688
5436116
5437351
5437738
5441047
5441391
5441574
5442058
5443328
5443376
5444693
5444704
5451471
5451608
5453486
5454402
5457372
5460495
5462227
5462542
5462832
5464477
5465086
5465629
5469324
5470197
5472211
5480135
5482561
5483500
5489679
5490083
5490716
5491277
5492491
5495733
5497810
5498991
5499369
5500806
5501126
5502373
5503982
5505912
5509198
5514259
5515885
5517414
5521474
5528933
5530631
5533472
5534901
5537561
5545828
5546221
5547525
5549446
5549963
5551303
5551647
5557964
5558470
5558733
5563210
5566333
5566560
5566684
5568887
5571319
5574218
5576270
5577345
5582285
5583493
5586800
5589340
5592511
5595351
5595857
5599055
5602182
5604079
5606486
5607722
5608276
5610614
5611479
5612497
5615127
5616304
5616977
5622891
5624609
5626319
5628092
5628356
5634519
5635894
5637132
5638055
5641347
5645808
5645864
5646988
5647913
5655124
5658111
5659244
5660873
5663893
5664767
5664837
5665540
5668730
5674934
5680699
5680903
5681946
5682116
5683365
5685981
5693375
5694255
5697009
5701133
5701763
5705413
5714017
5718815
5720748
5726682
5726971
5727573
5731243
5741459
5743340
5745059
5749694
5751953
5754215
5757055
5761730
5770345
5776161
5781940
5782043
5782981
5783639
5784077
5784093
5784753
5787150
5787731
5789888
5801514
5804942
5805637
5811429
5814019
5815627
5816353
5822645
5825202
5825579
5826017
5828293
5833417
5837936
5838024
5841079
5842131
5842736
5844352
5845591
5848225
5848320
5852050
5852356
5852643
5853649
5858366
5859009
5874110
5877332
5878444
5881277
5882011
5886556
5888399
5891859
5892191
5892204
5892881
5895452
5897828
5898350
5906451
5913030
5918419
5919296
5919430
5921831
5924017
5926886
5927385
5930283
5931023
5933901
5936924
5938290
5942441
5943724
5947294
5947733
5955878
5958636
5959303
5961697
5964773
5967198
5971500
5972879
5973979
5974929
5990716
5990846
5995095
5995151
5997253
6002119
6002527
6009963
6014422
6014822
6014839
6017757
6022345
6024142
6033095
6034371
6035182
6035357
6035898
6036643
6036771
6043166
6046135
6046222
6047430
6049441
6056050
6058963
6067038
6067588
6075985
6076367
6078086
6082290
6083374
6084974
6090339
6098385
6100075
6100662
6105914
6106568
6106945
6107253
6107290
6118329
6118762
6120362
6125460
6125848
6126429
6127047
6128624
6128807
6130020
6130625
6132878
6142373
6150386
6155653
6158408
6159749
6163405
6163676
6163841
6166753
6171891
6180070
6180883
6181521
6184125
6185821
6198509
6201385
6204575
6204866
6206561
6207032
6209344
6209875
6210466
6210668
6212699
6214530
6214675
6222552
6223227
6226832
6230061
6230480
6233497
6234917
6238150
6242611
6249288
6250549
6254531
6254588
6255181
6262414
6270537
6273293
6274124
6275363
6275623
6275909
6276628
6278720
6281540
6282108
6284878
6292562
6296018
6298920
6301598
6302118
6302614
6304260
6311354
6313003
6313197
6319621
6323442
6325887
6331718
6333912
6334117
6336754
6338150
6338224
6340537
6342844
6345640
6346476
6346962
6347544
6349850
6350022
6350380
6351687
6354868
6357367
6360092
6365991
6367081
6368972
6371050
6372063
6374579
6375917
6376425
6382034
6385095
6387126
6392550
6392741
6400066
6403688
6408965
6410255
6412857
6416842
6419751
6421430
6422243
6422906
6423841
6429249
6430450
6435081
6441890
6443233
6444373
6447716
6449256
6452437
6458798
6462211
6465218
6469880
6475026
6478193
6481609
6482634
6488318
6489030
6489040
6497579
6497865
6498434
6499210
6500916
6506005
6506027
6512017
6516500
6518065
6520070
6520418
6524357
6524760
6525039
6528624
6532240
6534463
6534543
6536594
6537166
6547460
6548540
6549771
6550489
6551372
6558871
6559428
6559626
6559717
6568624
6578056
6581121
6581867
6586373
6586465
6587201
6588440
6593257
6593508
6596259
6601270
6607000
6609281
6613697
6615068
6616147
6620022
6620352
6626801
6631066
6634999
6635436
6637168
6638923
6652724
6660608
6665799
6666433
6667952
6668675
6671427
6672999
6674089
6677328
6678680
6684149
6688269
6691164
6691313
6692844
6694122
6695033
6695589
6698404
6701625
6712402
6715557
6720421
6721659
6723099
6727445
6733547
6739635
6742682
6750968
6755949
6758821
6761898
6764090
6764793
6767542
6770523
6775351
6776780
6778694
6781303
6788415
6788420
6791039
6791298
6799487
6809055
6809091
6821200
6828138
6833369
6833948
6834573
6837993
6838096
6840180
6840960
6842009
6842163
6844280
6844531
6847122
6847535
6850243
6859799
6860993
6868257
6869886
6870712
6873646
6873711
6876224
6883130
6885857
6886284
6892444
6894284
6894433
6897287
6898842
6901797
6902907
6903341
6906228
6908228
6909001
6910550
6913962
6914613
6914799
6918576
6920725
6924597
6925314
6929411
6930377
6936656
6941269
6944938
6945655
6950390
6951286
6952971
6953470
6953878
6954705
6957760
6958370
6960782
6961217
6965681
6967072
6971432
6973099
6973524
6975444
6975551
6978223
6982175
7004485
7009401
7013142
7018844
7019165
7021288
7021989
7023503
7024014
7034740
7041114
7042184
7047388
7050678
7055228
7063654
7063889
7065529
7069774
7072364
7076500
7079147
7080197
7085013
7090385
7090828
7091165
7093771
7094698
7098902
7100804
7101149
7102736
7104778
7104847
7107020
7107152
7107841
7108451
7108985
7109618
7113392
7117354
7117831
7118875
7118882
7122950
7128636
7128802
7137752
7138761
7144387
7149783
7150828
7152086
7153836
7154438
7156340
7156612
7157175
7165839
7169504
7170709
7174017
7175965
7176118
7178054
7179250
7181800
7181943
7182493
7185509
7186188
7192920
7193951
7196076
7198079
7201743
7203818
7207919
7208143
7211668
7211964
7219609
7224114
7225242
7225398
7228348
7231890
7243571
7249563
7250891
7251294
7251541
7252189
7257720
7258565
7259060
7261409
7265685
7266799
7270660
7270744
7271161
7271843
7275624
7276896
7277374
7279545
7281327
7281354
7293765
7299996
7304730
7305050
7309002
7310920
7314336
7315247
7320508
7325045
7325568
7327402
7327861
7330923
7333668
7336538
7337867
7338842
7341165
7345133
7351074
7357832
7359838
7361719
7363859
7364517
7365014
7365026
7373208
7377049
7382293
7383782
7385292
7386589
7387576
7390442
7392548
7395078
7395389
7395658
7396165
7396560
7398576
7400385
7403469
7405994
7406890
7407730
7410676
7411258
7411281
7411740
7412140
7417982
7419059
7419835
7421036
7423785
7425899
7426504
7430823
7434535
7438665
7440253
7441950
7444161
7445238
7450313
7450593
7454843
7459993
7462093
7469878
7470887
7473257
7473782
7476364
7478081
7478375
7480436
7495158
7496232
7498470
7502883
7507947
7509833
7510242
7512202
7515494
7525571
7526237
7529413
7529887
7530108
7534910
7535801
7536464
7541651
7547392
7551023
7551409
7556426
7558043
7559891
7560810
7569153
7571133
7573493
7575195
7575892
7580632
7581317
7588614
7590266
7590971
7601000
7601614
7602101
7603192
7605338
7606563
7608570
7608667
7608707
7610087
7610373
7610949
7611098
7613375
7614616
7619136
7619648
7622115
7623467
7624286
7624687
7629274
7630322
7634523
7635297
7635450
7640860
7641407
7645340
7646761
7646851
7648749
7648868
7657468
7665222
7669608
7670648
7672809
7676228
7680822
7682326
7682885
7688508
7694471
7695324
7697089
7698732
7698733
7700958
7703354
7704619
7706081
7706997
7707686
7722544
7723293
7723415
7724939
7727829
7729330
7729837
7740004
7741690
7743627
7744076
7746739
7750188
7751310
7751703
7753128
7759041
7760280
7760504
7761113
7764918
7765735
7768042
7769934
7770129
7772230
7772379
7775592
7775731
7778739
7780673
7783328
7785718
7786852
7787132
7793264
7794077
7797615
7798414
7803652
7803799
7809511
7810260
7811194
7812025
7813411
7814230
7817025
7818355
7823405
7836882
7839682
7839867
7840428
7841420
7842160
7846160
7852339
7852576
7855027
7856030
7861073
7861672
7867357
7877756
7881923
7884928
7886595
7886921
7892956
7895783
7895871
7898518
7900813
7901900
7906861
7907027
7907964
7909605
7910922
7913517
7920288
7922623
7922933
7924459
7925725
7928259
7930030
7930553
7933460
7933499
7936573
7940191
7950790
7951727
7952604
7956516
7958325
7958986
7962308
7962465
7963959
7964982
7966837
7969804
7970519
7970752
7971489
7972372
7972574
7978809
7982207
7983205
7986994
7988332
7996474
8001771
8001972
8005121
8013797
8017271
8019065
8019837
8023004
8025043
8030416
8034392
8035210
8036847
8044022
8046284
8048981
8052336
8052869
8054166
8056631
8059269
8064047
8064882
8067857
8068509
8068662
8069521
8075911
8078201
8080312
8087039
8088821
8097136
8098333
8099573
8101625
8103922
8106279
8106856
8107694
8119014
8124270
8125153
8128529
8130139
8132281
8136338
8137354
8137768
8145719
8148513
8149816
8154610
8155662
8161310
8167222
8171412
8186688
8188955
8189968
8190257
8192302
8208959
8209791
8209864
8211581
8212921
8213728
8214675
8215004
8216677
8218737
8219445
8219522
8221747
8224368
8227398
8228334
8230100
8231294
8231908
8232935
8233231
8234071
8236229
8238873
8242847
8245051
8246960
8250665
8250670
8255014
8257589
8260592
8265400
8266588
8267856
8279806
8283015
8284634
8284804
8284866
8285065
8285522
8285805
8289032
8289162
8290494
8291323
8294047
8298318
8301513
8303061
8305866
8311944
8316378
8317810
8319441
8319461
8327067
8328644
8328712
8331054
8331137
8332810
8334958
8340242
8340461
8341182
8341865
8342808
8346695
8347312
8348313
8348472
8348603
8349295
8349759
8350101
8350820
8352095
8352169
8352360
8355970
8356211
8358367
8358920
8359975
8363987
8364403
8370685
8371320
8373112
8373439
8376176
8377063
8377980
8378150
8380726
8382321
8383695
8384059
8388086
8390540
8391162
8393121
8393270
8394336
8394884
8398386
8404548
8405470
8405489
8411117
8417292
8420237
8421240
8421628
8423680
8424541
8425915
8435297
8439283
8440762
8442593
8447952
8449301
8450139
8458012
8461187
8484226
8484262
8487085
8487872
8489464
8490019
8492971
8494849
8497261
8498483
8499132
8501227
8501605
8504340
8507055
8510799
8515380
8522153
8523301
8532590
8540644
8541338
8546458
8552073
8552853
8555155
8557269
8557719
8558885
8570105
8574019
8576262
8577837
8583136
8587313
8590834
8594750
8601891
8606612
8611814
8613765
8617469
8620572
8627417
8628515
8635229
8636610
8637377
8638011
8639962
8641662
8644142
8644585
8645483
8646240
8647836
8659918
8660763
8662333
8662706
8664576
8665331
8667100
8669849
8677075
8680632
8682435
8682811
8685477
8688307
8689716
8693470
8694499
8697123
8699578
8705582
8706688
8710126
8713320
8718442
8719650
8720328
8720862
8721423
8722426
8723383
8726489
8729129
8729649
8730530
8732475
8733025
8733294
8733936
8737123
8747248
8747918
8748411
8749051
8754064
8756627
8757696
8760970
8766395
8768759
8770983
8772262
8773793
8774204
8777095
8780658
8781320
8783862
8785230
8785667
8788063
8789732
8793690
8794616
8795980
8796771
8796962
8798149
8802289
8802998
8805063
8805473
8805803
8809586
8809669
8817714
8819000
8823023
8823084
8823714
8829596
8832474
8834007
8840785
8841394
8850427
8854270
8859472
8862713
8865462
8865796
8867906
8869353
8870210
8872299
8873325
8875167
8880526
8888019
8895373
8895722
8897392
8898850
8903065
8904165
8913545
8914520
8914856
8916162
8916337
8919154
8923498
8927789
8928749
8933516
8936038
8937667
8940637
8941543
8945148
8946661
8947534
8950492
8952126
8955249
8955593
8958101
8959789
8960201
8960469
8961977
8962305
8966877
8969101
8969411
8978493
8981731
8982804
8990504
8990731
8991257
8991372
8998280
8998767
9001366
9002278
9008578
9012537
9013951
9014589
9019650
9023955
9023964
9025185
9029495
9033659
9038693
9040650
9041816
9063133
9071933
9077458
9084314
9085517
9086454
9091318
9091368
9091369
9092310
9093510
9094379
9094763
9096636
9096898
9096963
9102214
9102422
9104080
9104633
9105240
9106383
9108763
9115092
9120714
9122112
9122912
9129895
9130293
9131117
9133470
9133578
9134439
9140458
9144613
9145500
9146939
9149046
9150800
9151421
9153328
9155458
9157187
9159616
9161539
9164824
9164914
9166615
9171579
9176909
9177181
9178611
9180607
9183905
9184330
9186223
9191446
9191556
9192108
9199646
9201619
9201920
9204658
9204802
9205747
9207168
9211529
9212351
9212376
9215732
9215908
9219120
9223480
9224427
9224485
9225859
9226530
9232410
9233186
9238731
9239658
9240596
9243880
9244818
9248681
9248867
9249045
9252206
9253070
9254270
9255827
9257595
9266420
9270269
9270657
9273575
9277643
9279931
9280784
9284785
9285162
9285242
9289343
9289421
9289429
9289595
9294453
9299247
9300830
9301506
9302571
9307986
9314755
9325222
9326142
9333782
9334901
9334936
9336703
9348893
9354307
9356496
9358580
9359284
9359381
9370256
9374922
9379812
9380881
9389164
9390846
9392306
9396020
9398272
9401190
9405708
9407946
9408606
9414155
9414435
9418956
9425621
9430917
9433337
9435365
9437099
9438238
9450672
9454918
9458985
9462289
9462983
9463169
9465153
9466407
9469314
9475363
9479476
9480353
9484186
9486192
9489721
9491113
9491656
9492080
9492111
9492374
9497585
9500406
9501949
9502257
9504565
9505054
9505988
9506113
9507790
9508275
9508503
9512879
9515279
9519594
9522769
9523140
9525113
9525275
9526545
9526825
9527821
9535050
9535765
9540595
9540685
9542394
9543489
9544897
9545112
9552533
9553568
9558549
9564390
9564481
9572596
9577044
9577676
9579290
9583454
9586802
9588555
9588584
9590278
9590988
9591476
9592806
9593057
9593373
9594677
9598169
9598543
9601630
9602754
9606171
9608157
9609993
9613966
9613968
9615236
9616821
9618684
9622450
9630165
9636853
9640647
9641060
9641573
9648321
9649231
9650262
9651680
9653164
9657511
9657517
9658227
9658880
9659181
9667354
9668556
9670946
9678807
9681470
9682134
9683883
9684089
9687065
9687216
9692513
9692727
9693260
9697872
9702187
9706294
9719791
9720674
9721405
9737198
9738563
9741780
9745460
9746617
9748470
9750705
9750999
9751846
9754624
9756077
9756764
9767126
9767293
9767336
9770286
9771529
9771681
9772426
9774882
9774928
9776726
9776866
9782061
9790338
9792059
9793188
9795400
9796112
9797945
9800716
9806108
9811428
9811447
9813546
9814350
9814914
9816435
9816936
9818088
9818685
9819693
9819793
9819875
9820049
9821004
9821209
9821997
9822903
9826635
9829147
9834784
9834868
9836148
9841581
9842539
9847338
9852869
9861693
9862613
9863304
9867938
9868533
9869145
9870514
9873131
9875303
9879009
9882559
9901493
9902807
9912100
9912658
9917906
9919046
9920345
9921698
9927891
9929904
9931044
9931876
9933886
9936809
9938724
9940133
9948347
9950486
9952172
9953310
9953907
9955131
9960284
9960383
9961200
9961489
9962033
9964956
9966071
9967695
9970190
9970755
9974822
9975303
9981817
9984318
9999481
