12.2874
11.5758
10.8914
7.98035
10.1132
6.09247
10.6143
8.87377
10.4319
10.6943
9.69042
11.6049
9.90988
10.5876
8.76181
10.7627
7.38041
6.18436
10.6441
8.76123
5.74422
8.02332
9.129
8.75802
9.85581
12.05
9.26932
12.8868
11.9447
10.8461
10.0602
12.556
5.18681
9.69734
12.4759
8.09898
12.5275
10.4469
10.4014
11.6499
11.849
9.50285
9.58357
13.899
12.2051
10.4631
9.0134
12.6516
9.82787
10.5943
10.4777
7.59997
12.1089
9.07943
11.4664
11.469
13.3379
10.4468
6.07917
10.4598
9.91101
10.3097
6.87518
5.76851
12.1485
12.263
11.7878
13.1889
4.52918
9.81385
9.3041
9.52457
10.0643
9.68098
10.2686
9.37944
10.0099
8.98119
7.48487
10.4015
8.2417
7.31528
11.9454
11.5547
6.97168
12.0635
9.73679
10.9732
7.15679
11.048
8.99922
10.3546
12.2285
10.5518
12.0004
10.5028
8.15549
13.5689
13.8847
8.74275
16.1972
8.5941
4.64467
7.78638
7.99362
9.6732
7.08507
11.1542
10.4961
15.7464
10.1542
10.5022
9.5629
6.18408
11.1902
11.5512
10.4252
4.73772
10.561
9.16406
10.773
9.73267
11.9487
7.15603
3.24701
11.4902
8.77084
9.32079
11.8283
14.0406
6.42757
6.9179
7.55961
8.63583
8.88236
9.631
7.24289
10.4379
11.8268
9.89173
12.3245
9.9883
9.1004
15.6932
9.47683
9.77169
9.8408
6.32544
11.9501
9.13492
11.0827
4.25317
10.7698
5.21517
15.0782
7.09116
7.50606
7.50392
8.53605
10.0431
12.8424
9.37409
8.8735
12.162
8.54492
13.4686
13.9075
8.8625
13.6824
11.4584
9.5622
11.0683
7.7597
6.20571
10.761
11.8246
8.30016
8.82647
8.68386
11.99
9.93593
10.1765
6.61667
11.1403
5.91379
10.9995
9.91058
9.74804
11.212
6.68223
6.37529
15.6287
7.80677
11.5748
8.64292
6.62851
10.6027
8.49203
8.51875
9.67549
10.6971
11.1059
9.39619
4.50506
8.16042
8.32077
9.8462
16.8865
9.04959
13.4517
12.2176
8.49647
11.4293
9.31654
10.2841
5.54408
10.8464
9.00924
9.53718
8.59702
11.8639
8.34843
9.22914
12.8193
9.23453
11.6344
10.4708
7.90236
7.10073
8.53663
7.52445
7.97136
10.6506
10.3277
8.99065
12.4828
14.6167
10.6741
11.5413
3.6873
5.90764
11.4415
10.9697
9.86712
8.77606
8.11127
9.77766
8.14793
9.7886
10.0734
9.63324
4.99356
10.309
6.89541
8.3252
10.9306
9.06715
10.4281
8.96276
6.56932
6.10199
8.67397
5.13896
9.96716
7.9066
9.86754
6.31223
11.551
11.1567
9.99903
9.5599
8.57539
12.1074
9.20029
10.6628
11.5352
8.66097
8.83924
9.24002
9.91603
7.70174
6.79859
10.0938
8.3178
5.63738
13.6049
8.53319
10.9198
11.8486
11.7842
11.6726
11.2013
14.8322
6.67223
7.09728
10.8478
14.7577
9.87089
9.58054
7.7861
10.0832
12.6721
9.41622
7.80529
10.6008
8.25777
10.6827
7.96576
7.3218
12.5222
11.9546
10.4888
4.77675
10.6866
11.7703
8.29351
9.40189
6.37242
13.7482
13.4735
6.74641
12.9158
13.8586
10.1608
10.228
13.2129
10.483
6.00347
6.59531
10.6536
10.4081
12.953
7.71745
10.8233
9.02145
13.6641
15.7749
10.7609
10.6639
8.29124
9.90441
7.02317
9.31091
14.3176
11.9229
13.1072
7.70212
15.3061
7.33337
10.3238
9.31579
9.1024
12.0295
9.44575
9.41104
11.7343
8.43772
9.4341
6.67279
12.1731
9.09321
14.3583
12.0661
9.95596
8.55078
6.32104
8.86009
10.4666
9.95503
7.60606
11.3269
17.3294
10.8501
7.30392
13.1063
9.80764
4.5041
10.7239
10.2206
8.60853
10.5496
13.7096
11.9417
10.8066
6.73992
15.1244
8.97713
9.47293
7.59336
11.5647
11.075
8.16158
12.1424
8.33343
12.7078
11.3565
9.12602
8.77411
12.9473
11.0472
12.1164
6.49832
7.43924
9.20308
8.26564
8.73147
6.56673
9.11713
12.112
12.1242
10.0505
11.111
5.86652
5.56969
8.89552
8.32203
9.08812
8.71274
10.8261
8.23276
9.5691
10.0107
7.45682
6.31973
10.0938
11.0111
10.7243
8.11234
9.41269
9.884
7.35655
12.792
7.28297
7.93063
12.2177
8.49041
6.7816
10.636
9.24391
7.53379
6.45275
7.21012
9.1355
9.20868
12.3667
9.77321
12.2575
12.3741
6.66266
11.0019
12.4336
9.84393
10.5506
9.95991
11.3673
5.96038
11.9619
8.28147
7.9621
12.0245
8.38412
9.09405
7.6194
8.6043
10.3223
8.38342
9.73843
10.1803
8.56134
7.41006
8.41739
12.258
8.9387
8.94252
10.2173
10.6681
10.8336
6.68961
10.0884
11.1295
9.6243
9.93531
11.5437
11.6682
8.92549
9.80852
9.65193
7.14494
9.24481
10.0208
12.0979
8.89856
5.78499
12.4925
10.3079
10.9031
8.45793
9.54396
8.55814
8.65848
10.8165
7.20959
5.97145
6.41253
5.60355
9.52205
6.7002
8.61579
4.84459
10.0844
4.67819
5.03336
6.11678
3.91702
5.90771
7.63865
10.9939
9.0694
7.41743
7.7846
6.38291
8.95748
9.49152
2.1904
6.33025
7.99566
12.589
10.2297
6.67909
9.18921
8.42396
3.6742
8.44126
10.9867
10.0922
7.68317
2.85048
5.87319
4.16852
6.57295
6.81757
7.66266
1.30181
8.23911
7.14908
8.93493
10.8145
5.19657
8.08546
5.0508
5.24499
4.14199
9.25834
7.525
10.5816
8.40622
6.39457
6.06366
5.61759
4.54441
7.50897
7.97121
14.4928
10.8671
7.97429
4.85288
3.72489
5.98145
8.40917
5.59409
10.878
6.05933
6.28578
6.40356
3.5577
5.04411
7.89094
6.17007
10.0732
3.4855
6.31867
9.2426
10.6474
6.86581
11.5296
9.72254
4.76577
12.9725
4.03048
2.52692
6.51544
9.23701
4.1225
7.92612
6.48267
9.72665
7.41368
6.67012
8.44671
1.32674
11.5341
2.61247
4.9583
8.92372
12.9824
10.0163
5.46289
11.7523
8.91527
5.71333
7.00082
5.5142
8.36738
5.7341
5.06322
12.1673
8.73385
6.64465
4.09816
2.38657
7.37707
5.29015
6.2538
5.08189
9.969
3.93946
9.15909
8.7282
6.38499
10.0512
10.089
5.73332
7.81395
5.12027
4.33097
4.03731
6.94663
11.6263
4.76365
9.40537
8.24935
10.0065
10.8994
8.70235
7.3927
6.56619
2.7443
11.5331
3.91356
4.46033
8.66059
8.09018
8.60711
6.84649
8.52642
7.71415
5.08024
3.49765
4.26246
9.42179
6.99732
0.95335
7.21541
11.201
10.5807
10.4885
10.2319
4.97584
10.6099
8.75451
6.84308
4.87943
10.0854
4.71718
5.4065
5.46431
4.33711
7.28852
7.81639
6.64102
1.72823
7.28841
5.59142
1.80287
9.5418
6.78312
6.02454
7.20173
8.01538
9.73194
8.2846
10.2719
8.68814
11.4589
9.81165
2.53829
10.0229
8.26902
6.37438
3.22781
10.262
5.66944
9.84095
6.65013
9.46819
4.3328
7.46045
6.12943
9.67895
5.93847
5.40516
9.27013
6.72625
11.4666
9.48366
1.71631
6.34773
11.3092
3.85494
7.67974
8.65809
5.78177
7.27182
10.1331
9.12195
5.13736
5.15769
9.28741
4.68813
10.026
8.27842
8.0965
9.63361
8.55211
6.32862
7.43576
6.39007
6.53505
3.73419
4.52395
5.10613
7.66676
3.95193
10.1167
4.35994
6.53322
7.42
3.78197
4.01547
5.59891
6.98039
10.7039
3.15566
10.0406
4.77503
8.74955
11.6619
5.14307
5.45347
11.6642
9.235
10.6848
10.0968
12.0627
9.47239
7.23918
10.7226
9.12453
2.79804
9.32723
5.95942
9.13233
9.06015
11.7198
8.27866
10.1646
10.0413
3.60903
8.08077
6.78752
4.00828
4.427
8.55948
4.76967
7.67737
5.20358
7.7887
7.51935
7.89149
11.8766
9.35112
5.69217
5.28462
4.09534
7.74873
4.20024
7.21273
4.95968
6.55674
6.66566
9.77286
10.0315
12.1168
4.08649
5.77613
9.21865
5.53319
7.50177
10.0733
10.2337
4.09783
6.70293
5.17265
9.9417
3.44031
7.6132
5.7106
7.23042
10.0836
4.15008
6.85969
5.85047
2.6971
8.67987
5.29745
9.12519
10.953
10.9127
10.1433
8.19982
3.4091
6.2023
8.02203
7.12768
6.17517
6.77831
6.37931
5.94285
10.9935
7.31018
9.64024
3.56187
5.27806
5.87462
5.70944
9.91266
10.2006
5.3185
5.69639
10.6925
8.11521
10.3521
7.44581
5.09989
9.3837
9.96572
8.94297
6.14054
6.70185
4.11906
9.66799
7.63993
8.65726
10.2014
2.12446
5.28888
10.8181
4.64202
4.54719
5.3491
6.26608
5.67182
8.04745
7.95851
11.3763
7.85909
8.45441
9.70659
9.10625
6.52004
5.76048
8.09883
1.79553
9.99033
6.75506
8.77913
10.6007
9.88968
7.15313
11.1908
8.16933
3.99922
7.81657
2.50293
14.4678
8.89117
8.06824
3.97207
9.1412
6.38137
6.28786
5.31662
7.68702
6.9706
4.2802
9.21237
8.41204
9.23531
10.1394
6.91118
4.5555
9.64773
9.66461
4.18341
7.47294
6.69137
8.1463
10.8231
8.49734
6.69252
4.86067
5.94211
3.90922
6.22078
8.48482
4.72235
6.71423
4.9713
8.51043
6.24979
12.4253
9.25451
8.62903
11.0109
8.38149
10.1846
5.68527
7.61515
3.45967
6.93484
10.5866
11.8613
5.757
8.80781
8.00779
6.64987
6.52489
8.27247
9.2571
9.41798
13.3387
11.383
7.12246
8.80595
11.3978
8.67159
7.12168
1.48089
7.97926
9.51993
8.67729
5.09422
3.1891
5.87594
7.31219
8.34363
5.5593
5.94806
8.28744
11.2201
10.4714
3.58917
8.08208
9.80595
9.42101
6.72736
6.13692
10.3742
6.86378
8.42255
9.68513
9.37844
0.702544
7.74712
7.92966
7.37412
7.60369
6.38324
7.97119
10.1307
8.07714
4.17899
5.78671
6.93707
6.55098
5.67389
7.98228
8.51181
7.70109
8.77975
